start=194.982748
volume=126.000000
