start=1463.880000
volume=65.000000
fullscreen=yes
