start=3392.014000
volume=110.000000
fullscreen=yes
