start=199.733333
volume=65.000000
fullscreen=yes
