start=200.909000
volume=101.000000
fullscreen=yes
