start=4136.160000
volume=70.000000
fullscreen=yes
