start=2736.484000
volume=65.000000
