start=1193.526000
volume=55.000000
aid=1
sid=1
