start=168.960000
volume=26.000000
