start=2360.900000
volume=57.000000
