start=235.235000
volume=88.000000
fullscreen=yes
