start=256.965042
volume=58.000000
fullscreen=yes
