start=2583.539000
volume=65.000000
