start=5565.120000
volume=80.000000
fullscreen=yes
