start=3324.696000
volume=72.000000
