start=2704.744000
volume=90.000000
