start=2548.713000
volume=80.000000
