start=1359.568000
volume=80.000000
fullscreen=yes
