start=2601.265000
volume=110.000000
fullscreen=yes
