start=211.461250
volume=95.000000
fullscreen=yes
