start=2610.983000
volume=75.000000
fullscreen=yes
