start=2507.380000
volume=60.000000
fullscreen=yes
