start=1355.729000
volume=85.000000
aid=1
sid=1
