start=1431.138000
volume=60.000000
sid=2
