start=2588.920000
volume=72.000000
