start=2587.710000
volume=85.000000
sid=1
