start=2909.365000
volume=80.000000
