start=1372.871000
volume=85.000000
aid=1
sid=1
