start=2620.409000
volume=75.000000
