start=7347.125000
volume=70.000000
fullscreen=yes
