start=2549.088000
volume=60.000000
sid=1
