start=1379.253000
volume=75.000000
fullscreen=yes
sid=1
