start=2549.422000
volume=80.000000
