start=2475.973000
volume=65.000000
