start=3233.272000
volume=66.000000
