start=7508.880000
volume=104.000000
sid=no
sub-scale=0.000000
