start=6190.600000
volume=80.000000
fullscreen=yes
