start=3550.046000
volume=84.000000
sid=no
