start=2648.646000
volume=72.000000
