start=2729.435000
volume=65.000000
