start=245.466667
speed=1.610510
