start=1346.637000
volume=40.000000
fullscreen=yes
