start=3063.269000
volume=55.000000
