start=13.680333
volume=98.000000
sid=no
