start=210.683000
speed=2.143589
fullscreen=yes
