start=301.850000
volume=90.000000
fullscreen=yes
