start=8.009000
volume=80.000000
fullscreen=yes
