start=2410.366000
volume=57.000000
