start=1356.523000
speed=1.000000
volume=70.000000
fullscreen=yes
