start=149.080000
volume=90.000000
