start=5998.021000
volume=90.000000
fullscreen=yes
