start=51.622656
speed=0.620921
volume=90.000000
