start=210.335125
volume=101.000000
fullscreen=yes
