start=9226.175292
volume=110.000000
