start=7909.205394
volume=70.000000
sid=1
