start=2752.333000
volume=110.000000
sid=no
