start=1469.176000
volume=60.000000
sid=2
