start=1426.842000
volume=60.000000
fullscreen=yes
sid=2
