start=360.902208
volume=67.000000
sid=no
