start=1369.202000
speed=1.000000
fullscreen=yes
