start=5392.917000
volume=85.000000
sid=1
