start=6225.135000
volume=130.000000
fullscreen=yes
