start=1384.508000
volume=65.000000
