start=1974.040000
volume=70.000000
fullscreen=yes
