start=1378.627000
volume=75.000000
