start=2567.482000
volume=95.000000
fullscreen=yes
sid=1
