start=2504.460000
volume=72.000000
