start=3062.851000
volume=72.000000
