start=1359.526000
volume=65.000000
fullscreen=yes
