start=43.278831
volume=105.000000
