start=8240.649000
volume=85.000000
fullscreen=yes
