start=2932.440000
volume=50.000000
