start=1366.699000
volume=65.000000
