start=1399.815000
volume=75.000000
