start=7543.494292
volume=65.000000
fullscreen=yes
