start=1432.848000
volume=45.000000
fullscreen=yes
sid=2
