start=7341.376000
volume=80.000000
