start=145.200000
volume=114.000000
