start=426.840000
volume=114.000000
fullscreen=yes
