start=9.533333
volume=45.000000
