start=2712.043000
volume=80.000000
