start=1414.081000
volume=80.000000
fullscreen=yes
