start=247.875000
volume=35.000000
