start=1466.590000
volume=110.000000
fullscreen=yes
sid=1
