start=1511.969000
volume=72.000000
